100
70
44
195
230
140
114
19
84
187
130
180
234
187
102
23
22
181
53
64
46
175
106
108
245
105
34
78
194
253
30
122
179
204
75
223
116
93
25
131
145
134
98
188
112
255
54
122
136
226
28
183
115
172
136
59
180
46
204
105
35
151
206
175
243
3
60
37
221
146
113
8
37
226
33
17
94
220
213
96
166
144
69
53
178
31
115
94
51
216
115
214
17
168
189
241
38
53
70
140
115
98
125
9
37
70
65
77
93
228
181
241
138
157
4
9
194
192
230
86
85
80
142
33
238
186
46
142
25
103
110
190
156
212
249
96
237
29
155
194
77
169
29
152
18
46
20
166
178
241
117
34
222
218
121
151
155
102
114
113
190
124
42
101
206
87
74
205
46
215
237
120
164
72
60
143
252
199
208
24
127
48
122
38
94
147
10
210
241
115
246
129
87
120
127
92
216
162
247
154
102
23
169
172
150
148
26
133
46
45
136
212
164
178
222
106
222
24
106
44
19
24
31
151
181
177
243
240
105
10
26
147
44
219
242
89
170
105
15
7
80
244
252
230
111
65
87
49
116
196
176
216
170
129
136
12
251
118
210
255
63
57
81
203
232
253
240
38
96
78
115
56
47
200
106
89
104
251
169
139
35
24
12
142
109
193
199
217
30
4
103
100
103
50
38
154
100
6
160
53
163
63
235
130
67
244
228
23
250
121
69
80
44
227
149
62
22
210
125
224
241
26
14
192
55
239
218
131
164
230
254
247
90
9
11
83
13
192
89
29
179
222
106
146
180
192
96
52
175
23
143
84
202
158
145
249
87
206
109
192
76
41
138
75
243
137
36
19
30
95
177
21
216
80
121
54
126
76
8
197
83
114
200
69
112
79
250
167
256
81
109
111
85
8
199
208
105
129
87
71
62
237
247
60
57
217
177
220
86
255
207
255
140
80
156
39
40
209
127
91
237
210
106
26
30
128
169
169
199
244
209
172
83
203
234
35
254
161
244
14
3
79
158
171
191
120
176
44
216
127
94
239
26
15
72
172
58
235
216
221
175
254
57
243
187
159
26
169
84
158
90
89
163
55
22
165
140
69
180
156
192
179
180
168
33
30
182
71
181
239
88
72
169
162
24
65
2
245
135
28
199
227
2
128
86
159
85
29
253
55
26
32
255
112
160
210
130
132
127
56
173
141
203
47
12
83
217
216
58
126
52
152
83
42
152
177
73
60
232
67
8
185
175
11
256
70
170
101
50
213
17
223
119
209
9
207
71
4
195
67
252
227
93
53
128
154
80
86
30
196
234
228
204
243
209
207
43
160
167
157
179
153
201
33
96
167
111
76
70
252
47
168
254
54
70
56
84
243
247
164
186
201
5
133
56
192
24
18
140
256
47
106
134
11
128
236
153
134
56
225
32
252
186
109
94
214
97
71
147
232
58
253
84
117
29
113
238
174
147
213
151
29
18
223
129
46
101
37
243
210
20
234
25
171
24
224
252
238
8
205
167
46
84
208
99
103
119
7
11
14
138
135
151
212
13
253
191
175
61
245
252
4
255
182
151
164
71
61
241
31
97
243
79
141
198
159
111
106
43
117
141
131
136
59
215
222
210
17
134
117
186
97
24
73
248
66
178
86
65
188
57
218
16
42
159
247
151
164
152
98
115
247
255
46
86
230
42
242
73
41
104
232
220
170
4
175
149
137
23
5
112
197
18
232
20
159
11
65
54
12
134
223
44
188
186
251
72
101
28
70
12
118
64
99
105
176
156
204
51
145
28
134
118
47
214
187
165
96
153
1
2
61
140
155
103
29
37
58
163
209
235
229
237
101
99
161
191
168
184
152
251
81
39
60
4
177
204
4
11
133
96
102
106
198
253
9
169
108
205
176
164
2
7
172
22
156
252
221
122
242
118
239
183
228
65
43
41
90
174
104
156
240
125
11
112
172
231
186
58
247
21
97
200
219
9
191
191
53
25
233
61
244
49
228
184
211
170
9
89
217
43
217
173
170
3
10
239
256
31
181
218
197
163
184
117
203
159
158
172
84
244
53
174
93
110
143
48
239
228
112
245
249
97
18
176
3
30
101
10
61
175
232
101
2
51
137
167
71
22
158
108
195
161
85
107
225
237
253
138
9
239
11
150
227
27
21
132
132
172
75
195
224
243
127
181
73
186
119
5
206
234
130
169
22
74
59
242
220
12
197
120
191
241
193
71
79
45
159
179
24
102
84
183
178
167
253
105
166
252
148
175
210
11
81
203
31
136
189
158
148